Original Matrix
1.0000000000  1.0000000000  1.0000000000  |  3.0000000000  
1.0000000000  2.0000000000  1.0000000000  |  4.0000000000  
1.0000000000  2.0000000000  3.0000000000  |  4.0000000000  
-------------------------------------------------------------------
Step 1
1.0000000000  1.0000000000  1.0000000000  |  3.0000000000  
0.0000000000  1.0000000000  0.0000000000  |  1.0000000000  
1.0000000000  2.0000000000  3.0000000000  |  4.0000000000  
-------------------------------------------------------------------
Step 2
1.0000000000  1.0000000000  1.0000000000  |  3.0000000000  
0.0000000000  1.0000000000  0.0000000000  |  1.0000000000  
0.0000000000  1.0000000000  2.0000000000  |  1.0000000000  
-------------------------------------------------------------------
Step 3
1.0000000000  1.0000000000  1.0000000000  |  3.0000000000  
0.0000000000  1.0000000000  0.0000000000  |  1.0000000000  
0.0000000000  0.0000000000  2.0000000000  |  0.0000000000  
-------------------------------------------------------------------
Solutions
2.0000000000
1.0000000000
0.0000000000
